no  namelength name                    cost rarity area remove own enemy card counteratk haste atk magic shield elixirsap addelixir drawcard heal directdmg niceland thorns heroic revenge defenseup poison blind silence blockcard
1   2          toxic strength          1    5      0    0      0   0     0    0          0     150 0     0      0         0         0        0    0         0        0      0      0       0         10     0     0       0        
2   2          frenzy ring             2    5      0    0      0   0     0    0          3     0   0     0      0         0         0        0    0         0        0      0      0       0         0      0     0       0        
3   1          bravery                 2    5      0    0      0   0     0    0          2     100 0     0      0         0         0        0    25        0        0      0      0       0         0      0     0       0        
4   2          lucky penny             3    5      0    0      0   0     0    0          0     100 0     0      0         0         1        0    0         0        0      0      0       0         0      0     0       0        
5   3          kung fu manual          2    5      0    0      0   0     0    0          0     100 0     0      0         0         0        0    0         0        0      0      0       0         0      0     0       0        
6   2          third wind              1    5      0    0      0   0     0    0          0     50  0     0      0         0         0        0    0         0        0      0      0       0         0      0     0       0        
7   3          legion of pops          2    5      0    0      3   0     0    0          0     50  0     0      0         0         0        0    0         0        0      0      0       0         0      0     0       0        
8   1          rage                    1    5      0    0      0   0     0    1          0     0   0     0      0         0         0        0    0         0        0      0      0       0         0      0     0       0        
9   2          maize arrow             1    5      0    17     0   0     0    0          0     50  0     0      0         0         0        0    0         0        0      0      0       0         0      0     0       0        
10  1          boldness                4    5      0    0      0   0     0    0          3     100 0     0      0         0         0        0    0         0        0      0      0       0         0      0     0       0        
11  1          feast                   1    3      0    0      0   8     0    0          0     0   0     0      0         0         1        0    0         0        0      0      0       0         0      0     0       0        
12  2          genie's wish            2    5      0    0      0   0     0    1          0     50  0     0      0         0         0        0    0         0        0      0      0       0         0      0     0       0        
13  2          corn amulet             1    5      0    0      0   0     0    0          0     100 0     0      0         0         0        0    15        0        0      0      0       0         0      0     0       0        
14  2          corn phalanx            1    5      0    0      0   0     0    0          0     0   0     0      0         0         0        0    0         0        0      0      0       2         0      0     0       0        
15  3          blood for corn          3    3      0    0      0   0     0    0          0     0   0     0      5         0         0        0    50        0        0      0      0       0         0      0     0       0        
16  2          ghostly friend          1    5      0    13     0   0     0    0          0     0   0     0      0         0         0        0    0         0        0      0      0       0         0      0     0       0        
17  2          cripple seeds           2    5      0    11     0   0     0    0          0     -50 0     0      0         0         0        0    0         0        0      0      0       0         0      0     0       0        
18  2          holy ro                 2    5      0    11     0   0     0    0          0     0   0     0      0         0         0        0    10        0        0      0      0       0         0      0     0       0        
19  2          happy feet              2    4      0    0      2   0     0    0          1     50  0     0      0         0         0        0    0         0        0      0      0       0         0      0     0       0        
20  2          primal rage             5    4      0    0      0   0     0    1          0     250 0     0      0         0         0        0    0         0        0      2      0       0         0      0     0       0        
21  1          underdog                2    5      0    0      0   3     0    0          0     50  0     0      0         0         0        0    0         0        0      0      0       0         0      0     0       0        
22  1          BFFs                    1    5      0    0      0   0     0    0          0     50  0     0      0         0         0        0    0         0        0      0      0       0         0      0     0       0        
23  3          bow of ro               3    5      0    17     0   0     0    0          0     150 0     0      0         0         0        0    0         0        0      0      0       0         0      0     0       0        
24  2          criss cross             2    3      3    0      0   0     0    0          0     75  0     0      0         0         0        0    0         0        0      0      0       0         0      0     0       0        
25  2          credit card             2    5      0    0      0   0     0    0          0     50  0     0      0         0         2        0    0         0        0      0      0       0         0      0     0       0        
26  2          unbroken spirit         2    5      0    0      0   0     0    1          0     50  0     0      0         0         0        0    0         0        0      0      0       0         0      0     0       0        
27  2          amber waves             6    3      2    0      0   0     0    0          2     100 0     0      0         0         0        0    0         0        0      0      0       0         0      0     0       0        
28  3          legion of arrows        2    3      3    0      3   0     0    0          0     50  0     0      0         0         0        0    0         0        0      0      0       0         0      0     0       0        
29  1          mayo water              1    5      0    0      0   3     0    0          0     20  0     0      0         0         0        0    0         0        0      0      0       0         0      0     0       0        
30  2          harvest month           2    5      0    17     0   0     0    0          0     50  0     0      0         0         1        0    0         0        0      0      0       0         0      0     0       0        
31  2          abraca amadeus          4    5      0    0      0   0     0    0          0     0   1     0      0         0         0        0    0         0        0      0      0       0         0      0     0       0        
32  2          wizard rock             1    1      0    0      7   0     0    0          0     0   0     0      0         1         0        0    0         0        0      0      0       0         0      0     0       0        
33  2          ghost thief             1    5      0    0      0   0     0    0          0     0   0     0      0         0         1        0    0         0        0      0      0       0         0      0     0       0        
34  2          blue plains             4    5      0    0      0   0     0    0          0     0   0     0      0         0         2        0    0         1        0      0      0       0         0      0     0       0        
35  3          blue eye ring           5    5      0    0      0   0     0    0          0     0   1     0      0         0         1        0    0         0        0      0      0       0         0      0     0       0        
36  2          astral energy           3    2      0    0      0   0     7    0          0     0   0     0      0         1         0        0    0         0        0      0      0       0         0      0     0       0        
37  2          elf blood               5    5      0    0      0   0     0    0          0     0   1     1      0         0         0        0    0         0        0      0      0       0         0      0     0       0        
38  2          garbage can             1    5      0    0      0   0     0    0          0     0   0     0      1         0         0        0    0         0        0      0      0       0         0      0     0       0        
39  2          magic hands             2    5      0    0      0   8     0    0          0     0   0     0      0         0         1        0    0         0        0      0      0       0         0      0     0       0        
40  2          blue comet              9    3      0    0      0   0     0    0          0     0   2     0      0         0         0        0    0         0        0      0      0       0         0      0     0       0        
41  2          crystal skin            2    5      0    0      0   0     0    0          0     0   0     1      0         0         0        0    0         0        0      0      0       0         0      0     0       0        
42  2          arcane shield           2    5      0    11     0   0     0    0          0     0   0     1      0         0         0        0    0         0        0      0      0       0         0      0     0       0        
43  2          magic ring              2    5      0    0      0   0     0    0          0     -50 0     2      0         0         0        0    0         0        0      0      0       0         0      0     0       0        
44  1          migraine                1    5      0    0      8   0     0    0          0     0   0     0      0         0         1        0    0         0        0      0      0       0         0      0     0       0        
45  3          pay to win              1    5      0    0      0   0     0    0          0     0   0     0      0         0         0        0    0         0        0      0      0       0         0      0     0       1        
46  3          portal of summon        2    1      0    0      7   0     0    0          0     0   0     0      0         2         0        0    0         0        0      0      0       0         0      0     0       0        
47  2          wizard migraine         2    1      0    0      0   0     7    0          0     0   0     0      0         1         0        0    0         0        0      0      0       0         0      0     0       0        
48  4          scroll of bad breath    5    2      0    0      0   0     0    0          0     0   0     10     0         0         0        0    0         0        0      0      0       0         25     0     0       0        
49  1          tempesto                2    5      0    0      6   0     0    0          0     0   0     0      1         0         0        0    0         0        0      0      0       0         0      0     0       0        
50  2          anchor hook             2    5      0    0      0   0     0    0          -1    -50 0     0      0         0         0        0    0         0        0      0      0       0         0      0     0       0        
51  2          ham comet               2    5      0    3      0   0     0    0          0     0   0     0      0         0         0        0    0         0        0      0      0       0         0      0     0       1        
52  2          donate blood            2    2      0    0      0   0     0    0          0     0   0     2      0         0         2        0    0         0        0      0      0       0         0      0     0       0        
53  2          green snot              5    5      0    0      0   0     0    0          0     0   1     0      0         0         0        0    0         0        0      0      0       2         0      0     0       0        
54  2          mind block              2    5      0    0      0   0     0    0          0     0   0     0      0         0         0        0    0         0        0      0      0       0         0      0     1       1        
55  2          magic seed              8    2      0    0      0   0     7    0          0     0   0     0      0         1         2        0    0         1        0      0      0       0         0      0     0       0        
56  2          dark portal             1    3      0    0      0   0     0    0          0     0   0     0      2         0         0        0    0         0        0      0      0       0         0      0     0       1        
57  2          brain damage            2    5      0    11     0   0     0    0          0     0   0     0      0         0         0        0    0         0        0      0      0       0         0      0     0       2        
58  2          red magic               2    5      0    0      0   0     0    0          0     0   0     0      1         0         0        20   0         0        0      0      0       0         0      0     0       0        
59  2          spooky scroll           5    5      0    0      0   0     0    0          2     0   1     0      0         0         0        0    0         0        0      0      0       0         0      0     0       0        
60  1          warp                    1    1      0    0      0   7     0    0          0     0   0     0      0         1         0        0    0         0        0      0      0       0         0      0     0       0        
61  2          crystal ball            2    5      0    0      0   0     0    0          0     0   0     0      0         0         2        0    0         0        0      0      0       0         0      0     0       0        
62  2          dirty staff             3    2      0    0      0   0     0    0          0     0   0     3      1         0         0        0    0         0        0      0      0       0         5      0     0       0        
63  2                                  1    5      0    0      0   0     0    0          0     0   0     0      0         0         0        0    0         0        0      0      0       0         0      0     0       0        
1   2                                  1    5      0    0      0   0     0    0          0     0   0     0      0         0         0        0    0         0        0      0      0       0         0      0     0       0        
1   2                                  1    5      0    0      0   0     0    0          0     0   0     0      0         0         0        0    0         0        0      0      0       0         0      0     0       0
1   2                                  1    5      0    0      0   0     0    0          0     0   0     0      0         0         0        0    0         0        0      0      0       0         0      0     0       0
no  namelength name                    cost rarity area remove own enemy card counteratk haste atk magic shield elixirsap addelixir drawcard heal directdmg niceland thorns heroic revenge defenseup poison blind silence blockcard        
1   2                                  1    5      0    0      0   0     0    0          0     0   0     0      0         0         0        0    0         0        0      0      0       0         0      0     0       0        
1   2                                  1    5      0    0      0   0     0    0          0     0   0     0      0         0         0        0    0         0        0      0      0       0         0      0     0       0        
1   2                                  1    5      0    0      0   0     0    0          0     0   0     0      0         0         0        0    0         0        0      0      0       0         0      0     0       0        
1   2                                  1    5      0    0      0   0     0    0          0     0   0     0      0         0         0        0    0         0        0      0      0       0         0      0     0       0        
1   2                                  1    5      0    0      0   0     0    0          0     0   0     0      0         0         0        0    0         0        0      0      0       0         0      0     0       0        
1   2                                  1    5      0    0      0   0     0    0          0     0   0     0      0         0         0        0    0         0        0      0      0       0         0      0     0       0        
1   2                                  1    5      0    0      0   0     0    0          0     0   0     0      0         0         0        0    0         0        0      0      0       0         0      0     0       0        
1   2                                  1    5      0    0      0   0     0    0          0     0   0     0      0         0         0        0    0         0        0      0      0       0         0      0     0       0        
1   2                                  1    5      0    0      0   0     0    0          0     0   0     0      0         0         0        0    0         0        0      0      0       0         0      0     0       0        
1   2                                  1    5      0    0      0   0     0    0          0     0   0     0      0         0         0        0    0         0        0      0      0       0         0      0     0       0        
1   2                                  1    5      0    0      0   0     0    0          0     0   0     0      0         0         0        0    0         0        0      0      0       0         0      0     0       0        
1   2                                  1    5      0    0      0   0     0    0          0     0   0     0      0         0         0        0    0         0        0      0      0       0         0      0     0       0        
1   2                                  1    5      0    0      0   0     0    0          0     0   0     0      0         0         0        0    0         0        0      0      0       0         0      0     0       0        
1   2          toxic toughness         1    5      0    0      0   0     0    0          0     150 0     0      0         0         0        0    0         0        0      0      0       0         10     0     0       0        
2   2          frenzy ring             2    5      0    0      0   0     0    0          3     0   0     0      0         0         0        0    0         0        0      0      0       0         0      0     0       0        
1   2                                  1    5      0    0      0   0     0    0          0     0   0     0      0         0         0        0    0         0        0      0      0       0         0      0     0       0        
1   2                                  1    5      0    0      0   0     0    0          0     0   0     0      0         0         0        0    0         0        0      0      0       0         0      0     0       0        
1   2                                  1    5      0    0      0   0     0    0          0     0   0     0      0         0         0        0    0         0        0      0      0       0         0      0     0       0        
1   2                                  1    5      0    0      0   0     0    0          0     0   0     0      0         0         0        0    0         0        0      0      0       0         0      0     0       0        
1   2                                  1    5      0    0      0   0     0    0          0     0   0     0      0         0         0        0    0         0        0      0      0       0         0      0     0       0        
1   2                                  1    5      0    0      0   0     0    0          0     0   0     0      0         0         0        0    0         0        0      0      0       0         0      0     0       0        
1   2                                  1    5      0    0      0   0     0    0          0     0   0     0      0         0         0        0    0         0        0      0      0       0         0      0     0       0        
1   2                                  1    5      0    0      0   0     0    0          0     0   0     0      0         0         0        0    0         0        0      0      0       0         0      0     0       0        
1   2                                  1    5      0    0      0   0     0    0          0     0   0     0      0         0         0        0    0         0        0      0      0       0         0      0     0       0        
1   2                                  1    5      0    0      0   0     0    0          0     0   0     0      0         0         0        0    0         0        0      0      0       0         0      0     0       0        
1   2                                  1    5      0    0      0   0     0    0          0     0   0     0      0         0         0        0    0         0        0      0      0       0         0      0     0       0        
1   2                                  1    5      0    0      0   0     0    0          0     0   0     0      0         0         0        0    0         0        0      0      0       0         0      0     0       0        
1   2                                  1    5      0    0      0   0     0    0          0     0   0     0      0         0         0        0    0         0        0      0      0       0         0      0     0       0        
1   2                                  1    5      0    0      0   0     0    0          0     0   0     0      0         0         0        0    0         0        0      0      0       0         0      0     0       0        
1   2                                  1    5      0    0      0   0     0    0          0     0   0     0      0         0         0        0    0         0        0      0      0       0         0      0     0       0        
1   2                                  1    5      0    0      0   0     0    0          0     0   0     0      0         0         0        0    0         0        0      0      0       0         0      0     0       0        
1   2                                  1    5      0    0      0   0     0    0          0     0   0     0      0         0         0        0    0         0        0      0      0       0         0      0     0       0        
1   2                                  1    5      0    0      0   0     0    0          0     0   0     0      0         0         0        0    0         0        0      0      0       0         0      0     0       0        
1   2                                  1    5      0    0      0   0     0    0          0     0   0     0      0         0         0        0    0         0        0      0      0       0         0      0     0       0        
no  namelength name                    cost rarity area remove own enemy card counteratk haste atk magic shield elixirsap addelixir drawcard heal directdmg niceland thorns heroic revenge defenseup poison blind silence blockcard
1   2                                  1    5      0    0      0   0     0    0          0     0   0     0      0         0         0        0    0         0        0      0      0       0         0      0     0       0        
1   2                                  1    5      0    0      0   0     0    0          0     0   0     0      0         0         0        0    0         0        0      0      0       0         0      0     0       0        
1   2                                  1    5      0    0      0   0     0    0          0     0   0     0      0         0         0        0    0         0        0      0      0       0         0      0     0       0        
1   2                                  1    5      0    0      0   0     0    0          0     0   0     0      0         0         0        0    0         0        0      0      0       0         0      0     0       0        
1   2                                  1    5      0    0      0   0     0    0          0     0   0     0      0         0         0        0    0         0        0      0      0       0         0      0     0       0        
1   2                                  1    5      0    0      0   0     0    0          0     0   0     0      0         0         0        0    0         0        0      0      0       0         0      0     0       0        
1   2                                  1    5      0    0      0   0     0    0          0     0   0     0      0         0         0        0    0         0        0      0      0       0         0      0     0       0        
1   2                                  1    5      0    0      0   0     0    0          0     0   0     0      0         0         0        0    0         0        0      0      0       0         0      0     0       0        
1   2                                  1    5      0    0      0   0     0    0          0     0   0     0      0         0         0        0    0         0        0      0      0       0         0      0     0       0        
1   2                                  1    5      0    0      0   0     0    0          0     0   0     0      0         0         0        0    0         0        0      0      0       0         0      0     0       0        
1   2                                  1    5      0    0      0   0     0    0          0     0   0     0      0         0         0        0    0         0        0      0      0       0         0      0     0       0        
1   2                                  1    5      0    0      0   0     0    0          0     0   0     0      0         0         0        0    0         0        0      0      0       0         0      0     0       0        
1   2                                  1    5      0    0      0   0     0    0          0     0   0     0      0         0         0        0    0         0        0      0      0       0         0      0     0       0        
1   2                                  1    5      0    0      0   0     0    0          0     0   0     0      0         0         0        0    0         0        0      0      0       0         0      0     0       0        
1   2                                  1    5      0    0      0   0     0    0          0     0   0     0      0         0         0        0    0         0        0      0      0       0         0      0     0       0        
1   2                                  1    5      0    0      0   0     0    0          0     0   0     0      0         0         0        0    0         0        0      0      0       0         0      0     0       0        
1   2                                  1    5      0    0      0   0     0    0          0     0   0     0      0         0         0        0    0         0        0      0      0       0         0      0     0       0        
1   2                                  1    5      0    0      0   0     0    0          0     0   0     0      0         0         0        0    0         0        0      0      0       0         0      0     0       0        
1   2                                  1    5      0    0      0   0     0    0          0     0   0     0      0         0         0        0    0         0        0      0      0       0         0      0     0       0        
1   2                                  1    5      0    0      0   0     0    0          0     0   0     0      0         0         0        0    0         0        0      0      0       0         0      0     0       0        
1   2                                  1    5      0    0      0   0     0    0          0     0   0     0      0         0         0        0    0         0        0      0      0       0         0      0     0       0        
1   2                                  1    5      0    0      0   0     0    0          0     0   0     0      0         0         0        0    0         0        0      0      0       0         0      0     0       0        
1   2                                  1    5      0    0      0   0     0    0          0     0   0     0      0         0         0        0    0         0        0      0      0       0         0      0     0       0        
1   2                                  1    5      0    0      0   0     0    0          0     0   0     0      0         0         0        0    0         0        0      0      0       0         0      0     0       0        
1   2                                  1    5      0    0      0   0     0    0          0     0   0     0      0         0         0        0    0         0        0      0      0       0         0      0     0       0        
1   2                                  1    5      0    0      0   0     0    0          0     0   0     0      0         0         0        0    0         0        0      0      0       0         0      0     0       0        
1   2                                  1    5      0    0      0   0     0    0          0     0   0     0      0         0         0        0    0         0        0      0      0       0         0      0     0       0        
1   2                                  1    5      0    0      0   0     0    0          0     0   0     0      0         0         0        0    0         0        0      0      0       0         0      0     0       0        
1   2                                  1    5      0    0      0   0     0    0          0     0   0     0      0         0         0        0    0         0        0      0      0       0         0      0     0       0        
1   2                                  1    5      0    0      0   0     0    0          0     0   0     0      0         0         0        0    0         0        0      0      0       0         0      0     0       0        
1   2                                  1    5      0    0      0   0     0    0          0     0   0     0      0         0         0        0    0         0        0      0      0       0         0      0     0       0        
1   2                                  1    5      0    0      0   0     0    0          0     0   0     0      0         0         0        0    0         0        0      0      0       0         0      0     0       0        
1   2                                  1    5      0    0      0   0     0    0          0     0   0     0      0         0         0        0    0         0        0      0      0       0         0      0     0       0        
1   2                                  1    5      0    0      0   0     0    0          0     0   0     0      0         0         0        0    0         0        0      0      0       0         0      0     0       0        
no  namelength name                    cost rarity area remove own enemy card counteratk haste atk magic shield elixirsap addelixir drawcard heal directdmg niceland thorns heroic revenge defenseup poison blind silence blockcard
1   2                                  1    5      0    0      0   0     0    0          0     0   0     0      0         0         0        0    0         0        0      0      0       0         0      0     0       0        
1   2                                  1    5      0    0      0   0     0    0          0     0   0     0      0         0         0        0    0         0        0      0      0       0         0      0     0       0        
1   2                                  1    5      0    0      0   0     0    0          0     0   0     0      0         0         0        0    0         0        0      0      0       0         0      0     0       0        
1   2                                  1    5      0    0      0   0     0    0          0     0   0     0      0         0         0        0    0         0        0      0      0       0         0      0     0       0        
1   2                                  1    5      0    0      0   0     0    0          0     0   0     0      0         0         0        0    0         0        0      0      0       0         0      0     0       0        
1   2                                  1    5      0    0      0   0     0    0          0     0   0     0      0         0         0        0    0         0        0      0      0       0         0      0     0       0        
1   2                                  1    5      0    0      0   0     0    0          0     0   0     0      0         0         0        0    0         0        0      0      0       0         0      0     0       0        
1   2                                  1    5      0    0      0   0     0    0          0     0   0     0      0         0         0        0    0         0        0      0      0       0         0      0     0       0        
1   2                                  1    5      0    0      0   0     0    0          0     0   0     0      0         0         0        0    0         0        0      0      0       0         0      0     0       0        
1   2                                  1    5      0    0      0   0     0    0          0     0   0     0      0         0         0        0    0         0        0      0      0       0         0      0     0       0
1   2                                  1    5      0    0      0   0     0    0          0     0   0     0      0         0         0        0    0         0        0      0      0       0         0      0     0       0        
1   2                                  1    5      0    0      0   0     0    0          0     0   0     0      0         0         0        0    0         0        0      0      0       0         0      0     0       0        
1   2                                  1    5      0    0      0   0     0    0          0     0   0     0      0         0         0        0    0         0        0      0      0       0         0      0     0       0        
1   2                                  1    5      0    0      0   0     0    0          0     0   0     0      0         0         0        0    0         0        0      0      0       0         0      0     0       0        
1   2                                  1    5      0    0      0   0     0    0          0     0   0     0      0         0         0        0    0         0        0      0      0       0         0      0     0       0        
1   2                                  1    5      0    0      0   0     0    0          0     0   0     0      0         0         0        0    0         0        0      0      0       0         0      0     0       0        
1   2                                  1    5      0    0      0   0     0    0          0     0   0     0      0         0         0        0    0         0        0      0      0       0         0      0     0       0        
1   2                                  1    5      0    0      0   0     0    0          0     0   0     0      0         0         0        0    0         0        0      0      0       0         0      0     0       0        
1   2                                  1    5      0    0      0   0     0    0          0     0   0     0      0         0         0        0    0         0        0      0      0       0         0      0     0       0        
1   2                                  1    5      0    0      0   0     0    0          0     0   0     0      0         0         0        0    0         0        0      0      0       0         0      0     0       0        
1   2                                  1    5      0    0      0   0     0    0          0     0   0     0      0         0         0        0    0         0        0      0      0       0         0      0     0       0        
1   2                                  1    5      0    0      0   0     0    0          0     0   0     0      0         0         0        0    0         0        0      0      0       0         0      0     0       0        
1   2                                  1    5      0    0      0   0     0    0          0     0   0     0      0         0         0        0    0         0        0      0      0       0         0      0     0       0        
1   2                                  1    5      0    0      0   0     0    0          0     0   0     0      0         0         0        0    0         0        0      0      0       0         0      0     0       0        
1   2          toxic toughness         1    5      0    0      0   0     0    0          0     150 0     0      0         0         0        0    0         0        0      0      0       0         10     0     0       0        
2   2          frenzy ring             2    5      0    0      0   0     0    0          3     0   0     0      0         0         0        0    0         0        0      0      0       0         0      0     0       0        
1   2                                  1    5      0    0      0   0     0    0          0     0   0     0      0         0         0        0    0         0        0      0      0       0         0      0     0       0        
1   2                                  1    5      0    0      0   0     0    0          0     0   0     0      0         0         0        0    0         0        0      0      0       0         0      0     0       0        
1   2                                  1    5      0    0      0   0     0    0          0     0   0     0      0         0         0        0    0         0        0      0      0       0         0      0     0       0        
1   2                                  1    5      0    0      0   0     0    0          0     0   0     0      0         0         0        0    0         0        0      0      0       0         0      0     0       0        
1   2                                  1    5      0    0      0   0     0    0          0     0   0     0      0         0         0        0    0         0        0      0      0       0         0      0     0       0        
1   2                                  1    5      0    0      0   0     0    0          0     0   0     0      0         0         0        0    0         0        0      0      0       0         0      0     0       0        
1   2                                  1    5      0    0      0   0     0    0          0     0   0     0      0         0         0        0    0         0        0      0      0       0         0      0     0       0        
1   2                                  1    5      0    0      0   0     0    0          0     0   0     0      0         0         0        0    0         0        0      0      0       0         0      0     0       0
no  namelength name                    cost rarity area remove own enemy card counteratk haste atk magic shield elixirsap addelixir drawcard heal directdmg niceland thorns heroic revenge defenseup poison blind silence blockcard        
1   2                                  1    5      0    0      0   0     0    0          0     0   0     0      0         0         0        0    0         0        0      0      0       0         0      0     0       0        
1   2                                  1    5      0    0      0   0     0    0          0     0   0     0      0         0         0        0    0         0        0      0      0       0         0      0     0       0        
1   2                                  1    5      0    0      0   0     0    0          0     0   0     0      0         0         0        0    0         0        0      0      0       0         0      0     0       0        
1   2                                  1    5      0    0      0   0     0    0          0     0   0     0      0         0         0        0    0         0        0      0      0       0         0      0     0       0        
1   2                                  1    5      0    0      0   0     0    0          0     0   0     0      0         0         0        0    0         0        0      0      0       0         0      0     0       0        
1   2                                  1    5      0    0      0   0     0    0          0     0   0     0      0         0         0        0    0         0        0      0      0       0         0      0     0       0        
1   2                                  1    5      0    0      0   0     0    0          0     0   0     0      0         0         0        0    0         0        0      0      0       0         0      0     0       0        
1   2                                  1    5      0    0      0   0     0    0          0     0   0     0      0         0         0        0    0         0        0      0      0       0         0      0     0       0        
1   2                                  1    5      0    0      0   0     0    0          0     0   0     0      0         0         0        0    0         0        0      0      0       0         0      0     0       0        
1   2                                  1    5      0    0      0   0     0    0          0     0   0     0      0         0         0        0    0         0        0      0      0       0         0      0     0       0        
1   2                                  1    5      0    0      0   0     0    0          0     0   0     0      0         0         0        0    0         0        0      0      0       0         0      0     0       0        
1   2                                  1    5      0    0      0   0     0    0          0     0   0     0      0         0         0        0    0         0        0      0      0       0         0      0     0       0        
1   2                                  1    5      0    0      0   0     0    0          0     0   0     0      0         0         0        0    0         0        0      0      0       0         0      0     0       0        
1   2                                  1    5      0    0      0   0     0    0          0     0   0     0      0         0         0        0    0         0        0      0      0       0         0      0     0       0        
1   2                                  1    5      0    0      0   0     0    0          0     0   0     0      0         0         0        0    0         0        0      0      0       0         0      0     0       0        
1   2                                  1    5      0    0      0   0     0    0          0     0   0     0      0         0         0        0    0         0        0      0      0       0         0      0     0       0        
1   2                                  1    5      0    0      0   0     0    0          0     0   0     0      0         0         0        0    0         0        0      0      0       0         0      0     0       0        
1   2                                  1    5      0    0      0   0     0    0          0     0   0     0      0         0         0        0    0         0        0      0      0       0         0      0     0       0        
1   2                                  1    5      0    0      0   0     0    0          0     0   0     0      0         0         0        0    0         0        0      0      0       0         0      0     0       0        
1   2                                  1    5      0    0      0   0     0    0          0     0   0     0      0         0         0        0    0         0        0      0      0       0         0      0     0       0        
1   2                                  1    5      0    0      0   0     0    0          0     0   0     0      0         0         0        0    0         0        0      0      0       0         0      0     0       0        
1   2                                  1    5      0    0      0   0     0    0          0     0   0     0      0         0         0        0    0         0        0      0      0       0         0      0     0       0        
1   2                                  1    5      0    0      0   0     0    0          0     0   0     0      0         0         0        0    0         0        0      0      0       0         0      0     0       0        
1   2                                  1    5      0    0      0   0     0    0          0     0   0     0      0         0         0        0    0         0        0      0      0       0         0      0     0       0        
1   2                                  1    5      0    0      0   0     0    0          0     0   0     0      0         0         0        0    0         0        0      0      0       0         0      0     0       0        
1   2                                  1    5      0    0      0   0     0    0          0     0   0     0      0         0         0        0    0         0        0      0      0       0         0      0     0       0        
1   2                                  1    5      0    0      0   0     0    0          0     0   0     0      0         0         0        0    0         0        0      0      0       0         0      0     0       0        
1   2                                  1    5      0    0      0   0     0    0          0     0   0     0      0         0         0        0    0         0        0      0      0       0         0      0     0       0        
1   2                                  1    5      0    0      0   0     0    0          0     0   0     0      0         0         0        0    0         0        0      0      0       0         0      0     0       0        
1   2                                  1    5      0    0      0   0     0    0          0     0   0     0      0         0         0        0    0         0        0      0      0       0         0      0     0       0        
1   2                                  1    5      0    0      0   0     0    0          0     0   0     0      0         0         0        0    0         0        0      0      0       0         0      0     0       0        
1   2                                  1    5      0    0      0   0     0    0          0     0   0     0      0         0         0        0    0         0        0      0      0       0         0      0     0       0        
1   2                                  1    5      0    0      0   0     0    0          0     0   0     0      0         0         0        0    0         0        0      0      0       0         0      0     0       0        
1   2                                  1    5      0    0      0   0     0    0          0     0   0     0      0         0         0        0    0         0        0      0      0       0         0      0     0       0
no  namelength name                    cost rarity area remove own enemy card counteratk haste atk magic shield elixirsap addelixir drawcard heal directdmg niceland thorns heroic revenge defenseup poison blind silence blockcard        
1   2                                  1    5      0    0      0   0     0    0          0     0   0     0      0         0         0        0    0         0        0      0      0       0         0      0     0       0        
1   2                                  1    5      0    0      0   0     0    0          0     0   0     0      0         0         0        0    0         0        0      0      0       0         0      0     0       0        
1   2                                  1    5      0    0      0   0     0    0          0     0   0     0      0         0         0        0    0         0        0      0      0       0         0      0     0       0        
1   2                                  1    5      0    0      0   0     0    0          0     0   0     0      0         0         0        0    0         0        0      0      0       0         0      0     0       0        
1   2                                  1    5      0    0      0   0     0    0          0     0   0     0      0         0         0        0    0         0        0      0      0       0         0      0     0       0        
1   2                                  1    5      0    0      0   0     0    0          0     0   0     0      0         0         0        0    0         0        0      0      0       0         0      0     0       0        
1   2                                  1    5      0    0      0   0     0    0          0     0   0     0      0         0         0        0    0         0        0      0      0       0         0      0     0       0        
1   2                                  1    5      0    0      0   0     0    0          0     0   0     0      0         0         0        0    0         0        0      0      0       0         0      0     0       0        
1   2                                  1    5      0    0      0   0     0    0          0     0   0     0      0         0         0        0    0         0        0      0      0       0         0      0     0       0        
1   2                                  1    5      0    0      0   0     0    0          0     0   0     0      0         0         0        0    0         0        0      0      0       0         0      0     0       0        
1   2                                  1    5      0    0      0   0     0    0          0     0   0     0      0         0         0        0    0         0        0      0      0       0         0      0     0       0        
1   2                                  1    5      0    0      0   0     0    0          0     0   0     0      0         0         0        0    0         0        0      0      0       0         0      0     0       0        
1   2                                  1    5      0    0      0   0     0    0          0     0   0     0      0         0         0        0    0         0        0      0      0       0         0      0     0       0        
1   2                                  1    5      0    0      0   0     0    0          0     0   0     0      0         0         0        0    0         0        0      0      0       0         0      0     0       0        
1   2                                  1    5      0    0      0   0     0    0          0     0   0     0      0         0         0        0    0         0        0      0      0       0         0      0     0       0        
1   2                                  1    5      0    0      0   0     0    0          0     0   0     0      0         0         0        0    0         0        0      0      0       0         0      0     0       0        
1   2                                  1    5      0    0      0   0     0    0          0     0   0     0      0         0         0        0    0         0        0      0      0       0         0      0     0       0        
1   2                                  1    5      0    0      0   0     0    0          0     0   0     0      0         0         0        0    0         0        0      0      0       0         0      0     0       0        
1   2                                  1    5      0    0      0   0     0    0          0     0   0     0      0         0         0        0    0         0        0      0      0       0         0      0     0       0        
1   2                                  1    5      0    0      0   0     0    0          0     0   0     0      0         0         0        0    0         0        0      0      0       0         0      0     0       0        
1   2                                  1    5      0    0      0   0     0    0          0     0   0     0      0         0         0        0    0         0        0      0      0       0         0      0     0       0
1   2                                  1    5      0    0      0   0     0    0          0     0   0     0      0         0         0        0    0         0        0      0      0       0         0      0     0       0        
1   2                                  1    5      0    0      0   0     0    0          0     0   0     0      0         0         0        0    0         0        0      0      0       0         0      0     0       0        
1   2                                  1    5      0    0      0   0     0    0          0     0   0     0      0         0         0        0    0         0        0      0      0       0         0      0     0       0        
1   2                                  1    5      0    0      0   0     0    0          0     0   0     0      0         0         0        0    0         0        0      0      0       0         0      0     0       0        
1   2                                  1    5      0    0      0   0     0    0          0     0   0     0      0         0         0        0    0         0        0      0      0       0         0      0     0       0        
1   2                                  1    5      0    0      0   0     0    0          0     0   0     0      0         0         0        0    0         0        0      0      0       0         0      0     0       0        
1   2                                  1    5      0    0      0   0     0    0          0     0   0     0      0         0         0        0    0         0        0      0      0       0         0      0     0       0        
1   2                                  1    5      0    0      0   0     0    0          0     0   0     0      0         0         0        0    0         0        0      0      0       0         0      0     0       0        
1   2                                  1    5      0    0      0   0     0    0          0     0   0     0      0         0         0        0    0         0        0      0      0       0         0      0     0       0        
1   2                                  1    5      0    0      0   0     0    0          0     0   0     0      0         0         0        0    0         0        0      0      0       0         0      0     0       0        
1   2                                  1    5      0    0      0   0     0    0          0     0   0     0      0         0         0        0    0         0        0      0      0       0         0      0     0       0        
1   2                                  1    5      0    0      0   0     0    0          0     0   0     0      0         0         0        0    0         0        0      0      0       0         0      0     0       0        
1   2                                  1    5      0    0      0   0     0    0          0     0   0     0      0         0         0        0    0         0        0      0      0       0         0      0     0       0
no  namelength name                    cost rarity area remove own enemy card counteratk haste atk magic shield elixirsap addelixir drawcard heal directdmg niceland thorns heroic revenge defenseup poison blind silence blockcard        
1   2                                  1    5      0    0      0   0     0    0          0     0   0     0      0         0         0        0    0         0        0      0      0       0         0      0     0       0        
1   2          toxic toughness         1    5      0    0      0   0     0    0          0     150 0     0      0         0         0        0    0         0        0      0      0       0         10     0     0       0        
2   2          frenzy ring             2    5      0    0      0   0     0    0          3     0   0     0      0         0         0        0    0         0        0      0      0       0         0      0     0       0        
1   2                                  1    5      0    0      0   0     0    0          0     0   0     0      0         0         0        0    0         0        0      0      0       0         0      0     0       0        
1   2                                  1    5      0    0      0   0     0    0          0     0   0     0      0         0         0        0    0         0        0      0      0       0         0      0     0       0        
1   2                                  1    5      0    0      0   0     0    0          0     0   0     0      0         0         0        0    0         0        0      0      0       0         0      0     0       0        
1   2                                  1    5      0    0      0   0     0    0          0     0   0     0      0         0         0        0    0         0        0      0      0       0         0      0     0       0        
1   2                                  1    5      0    0      0   0     0    0          0     0   0     0      0         0         0        0    0         0        0      0      0       0         0      0     0       0        
1   2                                  1    5      0    0      0   0     0    0          0     0   0     0      0         0         0        0    0         0        0      0      0       0         0      0     0       0        
1   2                                  1    5      0    0      0   0     0    0          0     0   0     0      0         0         0        0    0         0        0      0      0       0         0      0     0       0        
1   2                                  1    5      0    0      0   0     0    0          0     0   0     0      0         0         0        0    0         0        0      0      0       0         0      0     0       0        
1   2                                  1    5      0    0      0   0     0    0          0     0   0     0      0         0         0        0    0         0        0      0      0       0         0      0     0       0        
1   2                                  1    5      0    0      0   0     0    0          0     0   0     0      0         0         0        0    0         0        0      0      0       0         0      0     0       0        
1   2                                  1    5      0    0      0   0     0    0          0     0   0     0      0         0         0        0    0         0        0      0      0       0         0      0     0       0        
1   2                                  1    5      0    0      0   0     0    0          0     0   0     0      0         0         0        0    0         0        0      0      0       0         0      0     0       0        
1   2                                  1    5      0    0      0   0     0    0          0     0   0     0      0         0         0        0    0         0        0      0      0       0         0      0     0       0        
1   2                                  1    5      0    0      0   0     0    0          0     0   0     0      0         0         0        0    0         0        0      0      0       0         0      0     0       0        
1   2                                  1    5      0    0      0   0     0    0          0     0   0     0      0         0         0        0    0         0        0      0      0       0         0      0     0       0        
1   2                                  1    5      0    0      0   0     0    0          0     0   0     0      0         0         0        0    0         0        0      0      0       0         0      0     0       0        
1   2                                  1    5      0    0      0   0     0    0          0     0   0     0      0         0         0        0    0         0        0      0      0       0         0      0     0       0        
1   2                                  1    5      0    0      0   0     0    0          0     0   0     0      0         0         0        0    0         0        0      0      0       0         0      0     0       0        
1   2                                  1    5      0    0      0   0     0    0          0     0   0     0      0         0         0        0    0         0        0      0      0       0         0      0     0       0        
1   2                                  1    5      0    0      0   0     0    0          0     0   0     0      0         0         0        0    0         0        0      0      0       0         0      0     0       0        
1   2                                  1    5      0    0      0   0     0    0          0     0   0     0      0         0         0        0    0         0        0      0      0       0         0      0     0       0        
1   2                                  1    5      0    0      0   0     0    0          0     0   0     0      0         0         0        0    0         0        0      0      0       0         0      0     0       0        
1   2                                  1    5      0    0      0   0     0    0          0     0   0     0      0         0         0        0    0         0        0      0      0       0         0      0     0       0        
1   2                                  1    5      0    0      0   0     0    0          0     0   0     0      0         0         0        0    0         0        0      0      0       0         0      0     0       0        
1   2                                  1    5      0    0      0   0     0    0          0     0   0     0      0         0         0        0    0         0        0      0      0       0         0      0     0       0        
1   2                                  1    5      0    0      0   0     0    0          0     0   0     0      0         0         0        0    0         0        0      0      0       0         0      0     0       0        
1   2                                  1    5      0    0      0   0     0    0          0     0   0     0      0         0         0        0    0         0        0      0      0       0         0      0     0       0        
1   2                                  1    5      0    0      0   0     0    0          0     0   0     0      0         0         0        0    0         0        0      0      0       0         0      0     0       0        
1   2                                  1    5      0    0      0   0     0    0          0     0   0     0      0         0         0        0    0         0        0      0      0       0         0      0     0       0        
1   2                                  1    5      0    0      0   0     0    0          0     0   0     0      0         0         0        0    0         0        0      0      0       0         0      0     0       0        
1   2                                  1    5      0    0      0   0     0    0          0     0   0     0      0         0         0        0    0         0        0      0      0       0         0      0     0       0        
no  namelength name                    cost rarity area remove own enemy card counteratk haste atk magic shield elixirsap addelixir drawcard heal directdmg niceland thorns heroic revenge defenseup poison blind silence blockcard
1   2                                  1    5      0    0      0   0     0    0          0     0   0     0      0         0         0        0    0         0        0      0      0       0         0      0     0       0        
1   2                                  1    5      0    0      0   0     0    0          0     0   0     0      0         0         0        0    0         0        0      0      0       0         0      0     0       0        
1   2                                  1    5      0    0      0   0     0    0          0     0   0     0      0         0         0        0    0         0        0      0      0       0         0      0     0       0        
1   2                                  1    5      0    0      0   0     0    0          0     0   0     0      0         0         0        0    0         0        0      0      0       0         0      0     0       0        
1   2                                  1    5      0    0      0   0     0    0          0     0   0     0      0         0         0        0    0         0        0      0      0       0         0      0     0       0        
1   2                                  1    5      0    0      0   0     0    0          0     0   0     0      0         0         0        0    0         0        0      0      0       0         0      0     0       0        
1   2                                  1    5      0    0      0   0     0    0          0     0   0     0      0         0         0        0    0         0        0      0      0       0         0      0     0       0        
1   2                                  1    5      0    0      0   0     0    0          0     0   0     0      0         0         0        0    0         0        0      0      0       0         0      0     0       0        
1   2                                  1    5      0    0      0   0     0    0          0     0   0     0      0         0         0        0    0         0        0      0      0       0         0      0     0       0        
1   2                                  1    5      0    0      0   0     0    0          0     0   0     0      0         0         0        0    0         0        0      0      0       0         0      0     0       0        
1   2                                  1    5      0    0      0   0     0    0          0     0   0     0      0         0         0        0    0         0        0      0      0       0         0      0     0       0        
1   2                                  1    5      0    0      0   0     0    0          0     0   0     0      0         0         0        0    0         0        0      0      0       0         0      0     0       0        
1   2                                  1    5      0    0      0   0     0    0          0     0   0     0      0         0         0        0    0         0        0      0      0       0         0      0     0       0        
1   2                                  1    5      0    0      0   0     0    0          0     0   0     0      0         0         0        0    0         0        0      0      0       0         0      0     0       0        
1   2                                  1    5      0    0      0   0     0    0          0     0   0     0      0         0         0        0    0         0        0      0      0       0         0      0     0       0        
1   2                                  1    5      0    0      0   0     0    0          0     0   0     0      0         0         0        0    0         0        0      0      0       0         0      0     0       0        
1   2                                  1    5      0    0      0   0     0    0          0     0   0     0      0         0         0        0    0         0        0      0      0       0         0      0     0       0        
1   2                                  1    5      0    0      0   0     0    0          0     0   0     0      0         0         0        0    0         0        0      0      0       0         0      0     0       0        
1   2                                  1    5      0    0      0   0     0    0          0     0   0     0      0         0         0        0    0         0        0      0      0       0         0      0     0       0        
1   2                                  1    5      0    0      0   0     0    0          0     0   0     0      0         0         0        0    0         0        0      0      0       0         0      0     0       0        
1   2                                  1    5      0    0      0   0     0    0          0     0   0     0      0         0         0        0    0         0        0      0      0       0         0      0     0       0        
1   2                                  1    5      0    0      0   0     0    0          0     0   0     0      0         0         0        0    0         0        0      0      0       0         0      0     0       0        
1   2                                  1    5      0    0      0   0     0    0          0     0   0     0      0         0         0        0    0         0        0      0      0       0         0      0     0       0        
1   2                                  1    5      0    0      0   0     0    0          0     0   0     0      0         0         0        0    0         0        0      0      0       0         0      0     0       0        
1   2                                  1    5      0    0      0   0     0    0          0     0   0     0      0         0         0        0    0         0        0      0      0       0         0      0     0       0        
1   2                                  1    5      0    0      0   0     0    0          0     0   0     0      0         0         0        0    0         0        0      0      0       0         0      0     0       0        
1   2                                  1    5      0    0      0   0     0    0          0     0   0     0      0         0         0        0    0         0        0      0      0       0         0      0     0       0        
1   2                                  1    5      0    0      0   0     0    0          0     0   0     0      0         0         0        0    0         0        0      0      0       0         0      0     0       0        
1   2                                  1    5      0    0      0   0     0    0          0     0   0     0      0         0         0        0    0         0        0      0      0       0         0      0     0       0        
1   2                                  1    5      0    0      0   0     0    0          0     0   0     0      0         0         0        0    0         0        0      0      0       0         0      0     0       0        
1   2                                  1    5      0    0      0   0     0    0          0     0   0     0      0         0         0        0    0         0        0      0      0       0         0      0     0       0        
1   2                                  1    5      0    0      0   0     0    0          0     0   0     0      0         0         0        0    0         0        0      0      0       0         0      0     0       0
1   2                                  1    5      0    0      0   0     0    0          0     0   0     0      0         0         0        0    0         0        0      0      0       0         0      0     0       0        
1   2                                  1    5      0    0      0   0     0    0          0     0   0     0      0         0         0        0    0         0        0      0      0       0         0      0     0       0
no  namelength name                    cost rarity area remove own enemy card counteratk haste atk magic shield elixirsap addelixir drawcard heal directdmg niceland thorns heroic revenge defenseup poison blind silence blockcard        
1   2                                  1    5      0    0      0   0     0    0          0     0   0     0      0         0         0        0    0         0        0      0      0       0         0      0     0       0        
1   2                                  1    5      0    0      0   0     0    0          0     0   0     0      0         0         0        0    0         0        0      0      0       0         0      0     0       0        
1   2                                  1    5      0    0      0   0     0    0          0     0   0     0      0         0         0        0    0         0        0      0      0       0         0      0     0       0        
1   2                                  1    5      0    0      0   0     0    0          0     0   0     0      0         0         0        0    0         0        0      0      0       0         0      0     0       0        
1   2                                  1    5      0    0      0   0     0    0          0     0   0     0      0         0         0        0    0         0        0      0      0       0         0      0     0       0        
1   2                                  1    5      0    0      0   0     0    0          0     0   0     0      0         0         0        0    0         0        0      0      0       0         0      0     0       0        
1   2                                  1    5      0    0      0   0     0    0          0     0   0     0      0         0         0        0    0         0        0      0      0       0         0      0     0       0        
1   2                                  1    5      0    0      0   0     0    0          0     0   0     0      0         0         0        0    0         0        0      0      0       0         0      0     0       0        
1   2                                  1    5      0    0      0   0     0    0          0     0   0     0      0         0         0        0    0         0        0      0      0       0         0      0     0       0        
1   2                                  1    5      0    0      0   0     0    0          0     0   0     0      0         0         0        0    0         0        0      0      0       0         0      0     0       0        
1   2                                  1    5      0    0      0   0     0    0          0     0   0     0      0         0         0        0    0         0        0      0      0       0         0      0     0       0        
1   2                                  1    5      0    0      0   0     0    0          0     0   0     0      0         0         0        0    0         0        0      0      0       0         0      0     0       0        
1   2          toxic toughness         1    5      0    0      0   0     0    0          0     150 0     0      0         0         0        0    0         0        0      0      0       0         10     0     0       0        
2   2          frenzy ring             2    5      0    0      0   0     0    0          3     0   0     0      0         0         0        0    0         0        0      0      0       0         0      0     0       0        
1   2                                  1    5      0    0      0   0     0    0          0     0   0     0      0         0         0        0    0         0        0      0      0       0         0      0     0       0        
1   2                                  1    5      0    0      0   0     0    0          0     0   0     0      0         0         0        0    0         0        0      0      0       0         0      0     0       0        
1   2                                  1    5      0    0      0   0     0    0          0     0   0     0      0         0         0        0    0         0        0      0      0       0         0      0     0       0        
1   2                                  1    5      0    0      0   0     0    0          0     0   0     0      0         0         0        0    0         0        0      0      0       0         0      0     0       0        
1   2                                  1    5      0    0      0   0     0    0          0     0   0     0      0         0         0        0    0         0        0      0      0       0         0      0     0       0        
1   2                                  1    5      0    0      0   0     0    0          0     0   0     0      0         0         0        0    0         0        0      0      0       0         0      0     0       0        
1   2                                  1    5      0    0      0   0     0    0          0     0   0     0      0         0         0        0    0         0        0      0      0       0         0      0     0       0        
1   2                                  1    5      0    0      0   0     0    0          0     0   0     0      0         0         0        0    0         0        0      0      0       0         0      0     0       0        
1   2                                  1    5      0    0      0   0     0    0          0     0   0     0      0         0         0        0    0         0        0      0      0       0         0      0     0       0        
1   2                                  1    5      0    0      0   0     0    0          0     0   0     0      0         0         0        0    0         0        0      0      0       0         0      0     0       0        
1   2                                  1    5      0    0      0   0     0    0          0     0   0     0      0         0         0        0    0         0        0      0      0       0         0      0     0       0        
1   2                                  1    5      0    0      0   0     0    0          0     0   0     0      0         0         0        0    0         0        0      0      0       0         0      0     0       0        
1   2                                  1    5      0    0      0   0     0    0          0     0   0     0      0         0         0        0    0         0        0      0      0       0         0      0     0       0        
1   2                                  1    5      0    0      0   0     0    0          0     0   0     0      0         0         0        0    0         0        0      0      0       0         0      0     0       0        
1   2                                  1    5      0    0      0   0     0    0          0     0   0     0      0         0         0        0    0         0        0      0      0       0         0      0     0       0        
1   2                                  1    5      0    0      0   0     0    0          0     0   0     0      0         0         0        0    0         0        0      0      0       0         0      0     0       0        
1   2                                  1    5      0    0      0   0     0    0          0     0   0     0      0         0         0        0    0         0        0      0      0       0         0      0     0       0        
1   2                                  1    5      0    0      0   0     0    0          0     0   0     0      0         0         0        0    0         0        0      0      0       0         0      0     0       0        
1   2                                  1    5      0    0      0   0     0    0          0     0   0     0      0         0         0        0    0         0        0      0      0       0         0      0     0       0        
1   2                                  1    5      0    0      0   0     0    0          0     0   0     0      0         0         0        0    0         0        0      0      0       0         0      0     0       0        
no  namelength name                    cost rarity area remove own enemy card counteratk haste atk magic shield elixirsap addelixir drawcard heal directdmg niceland thorns heroic revenge defenseup poison blind silence blockcard
1   2                                  1    5      0    0      0   0     0    0          0     0   0     0      0         0         0        0    0         0        0      0      0       0         0      0     0       0        
1   2                                  1    5      0    0      0   0     0    0          0     0   0     0      0         0         0        0    0         0        0      0      0       0         0      0     0       0        
1   2                                  1    5      0    0      0   0     0    0          0     0   0     0      0         0         0        0    0         0        0      0      0       0         0      0     0       0        
1   2                                  1    5      0    0      0   0     0    0          0     0   0     0      0         0         0        0    0         0        0      0      0       0         0      0     0       0        
1   2                                  1    5      0    0      0   0     0    0          0     0   0     0      0         0         0        0    0         0        0      0      0       0         0      0     0       0        
1   2                                  1    5      0    0      0   0     0    0          0     0   0     0      0         0         0        0    0         0        0      0      0       0         0      0     0       0        
1   2                                  1    5      0    0      0   0     0    0          0     0   0     0      0         0         0        0    0         0        0      0      0       0         0      0     0       0        
1   2                                  1    5      0    0      0   0     0    0          0     0   0     0      0         0         0        0    0         0        0      0      0       0         0      0     0       0        
1   2                                  1    5      0    0      0   0     0    0          0     0   0     0      0         0         0        0    0         0        0      0      0       0         0      0     0       0        
1   2                                  1    5      0    0      0   0     0    0          0     0   0     0      0         0         0        0    0         0        0      0      0       0         0      0     0       0        
1   2                                  1    5      0    0      0   0     0    0          0     0   0     0      0         0         0        0    0         0        0      0      0       0         0      0     0       0        
1   2                                  1    5      0    0      0   0     0    0          0     0   0     0      0         0         0        0    0         0        0      0      0       0         0      0     0       0        
1   2                                  1    5      0    0      0   0     0    0          0     0   0     0      0         0         0        0    0         0        0      0      0       0         0      0     0       0        
1   2                                  1    5      0    0      0   0     0    0          0     0   0     0      0         0         0        0    0         0        0      0      0       0         0      0     0       0        
1   2                                  1    5      0    0      0   0     0    0          0     0   0     0      0         0         0        0    0         0        0      0      0       0         0      0     0       0        
1   2                                  1    5      0    0      0   0     0    0          0     0   0     0      0         0         0        0    0         0        0      0      0       0         0      0     0       0        
1   2                                  1    5      0    0      0   0     0    0          0     0   0     0      0         0         0        0    0         0        0      0      0       0         0      0     0       0        
1   2                                  1    5      0    0      0   0     0    0          0     0   0     0      0         0         0        0    0         0        0      0      0       0         0      0     0       0        
1   2                                  1    5      0    0      0   0     0    0          0     0   0     0      0         0         0        0    0         0        0      0      0       0         0      0     0       0        
1   2                                  1    5      0    0      0   0     0    0          0     0   0     0      0         0         0        0    0         0        0      0      0       0         0      0     0       0        
1   2                                  1    5      0    0      0   0     0    0          0     0   0     0      0         0         0        0    0         0        0      0      0       0         0      0     0       0        
1   2                                  1    5      0    0      0   0     0    0          0     0   0     0      0         0         0        0    0         0        0      0      0       0         0      0     0       0        
1   2                                  1    5      0    0      0   0     0    0          0     0   0     0      0         0         0        0    0         0        0      0      0       0         0      0     0       0        
1   2                                  1    5      0    0      0   0     0    0          0     0   0     0      0         0         0        0    0         0        0      0      0       0         0      0     0       0        
1   2                                  1    5      0    0      0   0     0    0          0     0   0     0      0         0         0        0    0         0        0      0      0       0         0      0     0       0        
1   2                                  1    5      0    0      0   0     0    0          0     0   0     0      0         0         0        0    0         0        0      0      0       0         0      0     0       0        
1   2                                  1    5      0    0      0   0     0    0          0     0   0     0      0         0         0        0    0         0        0      0      0       0         0      0     0       0        
1   2                                  1    5      0    0      0   0     0    0          0     0   0     0      0         0         0        0    0         0        0      0      0       0         0      0     0       0        
1   2                                  1    5      0    0      0   0     0    0          0     0   0     0      0         0         0        0    0         0        0      0      0       0         0      0     0       0        
1   2                                  1    5      0    0      0   0     0    0          0     0   0     0      0         0         0        0    0         0        0      0      0       0         0      0     0       0        
1   2                                  1    5      0    0      0   0     0    0          0     0   0     0      0         0         0        0    0         0        0      0      0       0         0      0     0       0        
1   2                                  1    5      0    0      0   0     0    0          0     0   0     0      0         0         0        0    0         0        0      0      0       0         0      0     0       0        
1   2                                  1    5      0    0      0   0     0    0          0     0   0     0      0         0         0        0    0         0        0      0      0       0         0      0     0       0        
1   2                                  1    5      0    0      0   0     0    0          0     0   0     0      0         0         0        0    0         0        0      0      0       0         0      0     0       0        
no  namelength name                    cost rarity area remove own enemy card counteratk haste atk magic shield elixirsap addelixir drawcard heal directdmg niceland thorns heroic revenge defenseup poison blind silence blockcard
1   2                                  1    5      0    0      0   0     0    0          0     0   0     0      0         0         0        0    0         0        0      0      0       0         0      0     0       0        
1   2                                  1    5      0    0      0   0     0    0          0     0   0     0      0         0         0        0    0         0        0      0      0       0         0      0     0       0        
1   2                                  1    5      0    0      0   0     0    0          0     0   0     0      0         0         0        0    0         0        0      0      0       0         0      0     0       0        
1   2                                  1    5      0    0      0   0     0    0          0     0   0     0      0         0         0        0    0         0        0      0      0       0         0      0     0       0        
1   2                                  1    5      0    0      0   0     0    0          0     0   0     0      0         0         0        0    0         0        0      0      0       0         0      0     0       0        
1   2                                  1    5      0    0      0   0     0    0          0     0   0     0      0         0         0        0    0         0        0      0      0       0         0      0     0       0        
1   2                                  1    5      0    0      0   0     0    0          0     0   0     0      0         0         0        0    0         0        0      0      0       0         0      0     0       0        
1   2                                  1    5      0    0      0   0     0    0          0     0   0     0      0         0         0        0    0         0        0      0      0       0         0      0     0       0        
1   2                                  1    5      0    0      0   0     0    0          0     0   0     0      0         0         0        0    0         0        0      0      0       0         0      0     0       0
1   2                                  1    5      0    0      0   0     0    0          0     0   0     0      0         0         0        0    0         0        0      0      0       0         0      0     0       0        
1   2                                  1    5      0    0      0   0     0    0          0     0   0     0      0         0         0        0    0         0        0      0      0       0         0      0     0       0        
1   2                                  1    5      0    0      0   0     0    0          0     0   0     0      0         0         0        0    0         0        0      0      0       0         0      0     0       0        
1   2                                  1    5      0    0      0   0     0    0          0     0   0     0      0         0         0        0    0         0        0      0      0       0         0      0     0       0        
1   2                                  1    5      0    0      0   0     0    0          0     0   0     0      0         0         0        0    0         0        0      0      0       0         0      0     0       0        
1   2                                  1    5      0    0      0   0     0    0          0     0   0     0      0         0         0        0    0         0        0      0      0       0         0      0     0       0        
1   2                                  1    5      0    0      0   0     0    0          0     0   0     0      0         0         0        0    0         0        0      0      0       0         0      0     0       0        
1   2                                  1    5      0    0      0   0     0    0          0     0   0     0      0         0         0        0    0         0        0      0      0       0         0      0     0       0        
1   2                                  1    5      0    0      0   0     0    0          0     0   0     0      0         0         0        0    0         0        0      0      0       0         0      0     0       0        
1   2                                  1    5      0    0      0   0     0    0          0     0   0     0      0         0         0        0    0         0        0      0      0       0         0      0     0       0        
1   2                                  1    5      0    0      0   0     0    0          0     0   0     0      0         0         0        0    0         0        0      0      0       0         0      0     0       0        
1   2                                  1    5      0    0      0   0     0    0          0     0   0     0      0         0         0        0    0         0        0      0      0       0         0      0     0       0        
1   2                                  1    5      0    0      0   0     0    0          0     0   0     0      0         0         0        0    0         0        0      0      0       0         0      0     0       0        
1   2                                  1    5      0    0      0   0     0    0          0     0   0     0      0         0         0        0    0         0        0      0      0       0         0      0     0       0        
1   2                                  1    5      0    0      0   0     0    0          0     0   0     0      0         0         0        0    0         0        0      0      0       0         0      0     0       0        
1   2                                  1    5      0    0      0   0     0    0          0     0   0     0      0         0         0        0    0         0        0      0      0       0         0      0     0       0        
1   2                                  1    5      0    0      0   0     0    0          0     0   0     0      0         0         0        0    0         0        0      0      0       0         0      0     0       0        
1   2                                  1    5      0    0      0   0     0    0          0     0   0     0      0         0         0        0    0         0        0      0      0       0         0      0     0       0        
1   2                                  1    5      0    0      0   0     0    0          0     0   0     0      0         0         0        0    0         0        0      0      0       0         0      0     0       0        
        
// all cards should be stored in this format cuz i coded card.cpp according to this format
// if the sequence in this txt file is changed then some changes should be made in card.cpp too
// max namelength = 4
// max length of every word in name = 8
// print battle got one get status number de want change if change num of status
1 counteratk 
2 haste 
3 atk 
4 magic 
5 shield 
6 elixirsap 
7 addelixir 
8 drawcard 
9 heal 
10 directdmg 
11 niceland 
12 thorns 
13 heroic 
14 revenge 
15 defenseup 
16 poison 
17 blind 
18 silence 
19 blockcard