no  namelength name              symbol      card                hp   cost  atk  mgc  crt
1   1          puppy             -[oUo]-     1   2   3   4   5   131  2     36   92   30  
2   2          corn ball         ~(*.*)~     6   7   8   9   10  191  3     54   84   15
3   2          bat soup          ~(0^0)~     9   11  12  13  8   171  3     57   83   26
4   1          worm              ~~~(--)     5   6   8   18  19  167  3     66   90   9
5   2          hay stack         |||||||     5   14  15  16  17  189  2     26   83   4 
6   1          giant             {@___@}     8   11  16  17  20  405  6     153  92   11
7   2          white knight      ~(-v-~)     2   2   12  21  22  234  4     98   98   11
8   2          the earlings      =(TvT)=     1   7   9   23  24  312  5     128  93   7
9   1          tank              [[]]-->     5   8   12  13  25  318  5     122  75   19
10  2          donkey khan       v(o-o)v     2   5   15  20  26  221  3     50   93   23    
11  2          captain taco      |=o~o=|     2   5   16  20  27  251  4     105  111  23
12  2          the lord          d(*c*)b     5   13  15  25  27  267  4     102  111  19
13  2          banana ninja      d(oUo)b     9   19  23  28  29  321  5     143  108  20   
14  2          black reaper      +<*x*>+     5   10  20  21  27  293  5     159  98   21
15  2          insta stalker     -(.w.-)     5   9   23  26  30  230  4     117  86   34
16  2          mother hydra      {!!_!!}     2   5   8   10  12  293  4     98   123  4
17  2          cool dog          v(.w.)v     31  32  33  34  35  174  3     50   102  20
18  2          manowar elf       -('u')/     31  33  34  36  37  159  3     65   108  4
19  2          true ninja        (,o_o,)     31  36  38  39  40  167  3     59   102  11
20  1          pig               ^0(o)0^     31  34  35  41  42  158  2     36   86   11
21  2          wizard elf        ^(0A0)^     31  34  35  43  44  131  2     33   113  15
22  1          scholar           (=-v-)=     31  33  37  41  45  150  2     33   127  22
23  1          earl              0(>w<)0     33  37  40  46  47  167  3     69   98   26
24  2          fat knight        |(oIo)|     34  37  41  42  48  269  4     92   90   4
25  2          jafar jin         !(<_>)!     40  41  41  42  49  258  4     96   93   4
26  1          book              ([[[[[[     37  43  50  51  52  278  4     72   98   19
27  2          elf chief         ~(-M-)~     31  32  41  41  53  155  2     30   158  24
28  2          guitar ben        \(ouo)/     40  45  46  54  55  204  3     65   137  17
29  2          punk cat          (^OwO^)     31  31  54  56  57  177  3     66   134  34
30  1          fireballer        -/\_/\-     31  35  48  58  59  345  5     135  143  4
31  2          hot dog           -|0.0|-     31  41  60  61  62  180  2     51   108  11
32  1          jane              (U.-.)/     31  37  40  41  48  195  3     56   158  19
33  2          cotton bat        <~(O.O)     63  64  65  66  67  135  2     33   90   34
34  1          fluffantry        (`>`)->     63  68  69  70  71  225  4     86   90   7
35  2          angel heart       ~(^v^)~     63  72  73  74  75  161  2     27   104  7
36  2          snake mint        ^.^~~~~     63  67  75  76  77  173  3     60   80   22
37  2          cotton cutie      {{0v0}}     63  67  78  79  80  159  2     29   95   15
38  1          cow               ^0(oo)0     63  70  71  81  82  215  3     60   87   15
39  1          fluffapilar       ()()()D     65  76  81  83  84  215  3     54   98   16
40  3          fairy god mum     /|^v^|\     63  70  76  85  86  228  4     84   125  15
41  2          dolly llama       ^[>w<]^     63  84  87  88  89  207  3     65   86   13
42  2          soft rock         ///_\\\     63  67  70  85  90  263  4     86   89   14
43  2          dino rex          <{O-O<}     63  77  88  91  92  273  4     102  116  14
44  2          pirate bear       ^(x_o)^     67  80  89  93  94  393  6     179  119  22
45  2          dr stuffy         (>x-x)>     72  76  89  93  95  291  4     95   113  13
46  3          pile of kittens   [_QwQ_]     72  74  75  82  90  266  4     104  117  15
47  2          the barrel        -=(_)=-     67  69  70  96  97  290  4     98   105  15
48  1          lemonade          ([]_[])     78  83  88  94  98  207  3     65   143  11
49  2          cactus ball       ~(._.)~     99  100 101 102 103 162  2     33   89   10
50  2          ms mummy          d(x.x)b     100 104 105 106 107 191  3     50   89   19
51  2          sand knight       |[-c-]|     99  108 109 110 111 195  3     50   87   16
52  2          sand wall         |_____|     101 105 106 107 112 185  2     28   90   7
53  2          dust bunny        v(_w_)v     103 104 109 109 113 167  2     29   92   11
54  2          cactus boss       >(`n`)<     100 105 114 115 116 252  4     98   83   11
55  1          jackal            ^|(-)|^     63  104 105 109 113 161  2     38   87   34
56  1          sandwich          |=====|     101 105 109 113 117 146  2     32   125  20
57  2          the pyramid       ~/IoI\~     105 105 114 116 118 264  4     109  98   11
58  1          ra                -~{U}~-     63  104 109 119 120 167  3     72   117  7
59  2          lost golem        d[*_*]b     105 108 110 115 121 363  5     128  113  15
60  3          bat soup 2        (o_0_o)     101 105 116 117 119 195  3     69   113  34
61  1          sandman           L(*w*L)     101 109 111 121 122 207  3     75   122  11
62  1          the cooper        v{$v$}^     101 110 116 123 124 291  4     90   108  22
63  2          king sandwich     [>@w@]>     95  102 108 110 118 180  2     54   104  11
64  1          sandor            {3___3}     99  99  102 106 125 251  3     65   96   16
65  2          bald man          L(U_U)/     126 127 127 128 129 165  2     29   90   15
66  1          mermaid           >-{-_-}     126 130 131 132 133 183  3     51   93   19
67  1          hercules          |{OAO}|     126 129 134 135 136 275  5     114  90   11
68  2          backup tire       (I___I)     128 137 138 139 140 186  3     59   89   7
69  2          fly swatter       []-O-[]     126 136 141 142 143 150  2     30   95   21
70  1          spider            H[*^*]H     126 137 144 145 146 279  4     104  102  7
71  2          maze walker       d(TvT)b     128 136 137 140 147 312  5     122  83   19
72  1          drooler           /[:p~]\     130 131 137 141 147 389  6     152  104  15
73  2          sunglass man      |[]-[]|     126 127 135 136 148 218  3     62   98   41
74  2          boombox boxer     [00].w.     131 137 138 140 144 275  4     80   146  20
75  2          chest monster     w|*w*|w     127 132 145 149 150 222  3     65   108  26
76  2          man witch         <{-M-<}     129 135 136 141 151 261  4     86   141  22
77  1          rainbow           +|+|+|+     126 129 141 142 149 240  4     99   134  22
78  2          mr muscle         L[:>D]/     126 133 141 142 149 213  3     60   129  23
79  2          steak chop        6(~o~)9     136 137 152 153 154 167  2     63   98   11
80  2          chicken chop      {U-_-}U     126 127 128 139 155 264  4     101  120  17
81  1          dummy             -[^-^]-     161 161 161 161 161 50   4     1    1    1

// all creatures should be stored in this format cuz i coded creature.cpp according to this format
// if changes are made in this txt file then there may be some changes needed to be done in the creature.cpp code
// name should not be longer than 17 bits